 222222222222222222222222222222222222222222222222222222222222222222222222
 222222222222222222222222222222222222222222222222222222222222222222222222
 222222222222222222222222222222222222222222222222222222222222222222222222
 222222222222222222222222222222222222222222222222222222222222222222222222
 222222222222222222222222222222222222222222222222222222220000000000000000
 222222222222222222222220022222222222222222222222222222220002200000000002
 222222222222222222222000000222222222222222222222222222222002222200000002
 222222222222222222200000000000020022222222222222222200022002222220000002
 222222222002222222000000000000000000000002220000222000000002222222000002
 222222220000020000000000000000000000000000020000000000000002222222200002
 222222220000000000000000000000000000000000022000000000000002222002200022
 222222220000000000000000000000000000000000222000000000000000222002220022
 222222220000000000000000000000000000000022222200020000000000022000222222
 222222022000000000000000000000000000222022222220222220000000002000022222
 111111102200000000000000000000000000222222222222222222000000000000001111
 111111100200000000000000000000000000022222222222222222200000000000000111
 111111110000000000000000000000000000002222222222222222220000000000000011
 111111111000000000000000000000000000022222222222222222222000000000000101
 111111111000000000000000000000000000022222222222222222222200000000000111
 111111111000000000000000000000000000002222222222222222222200000000001111
 111111111100000000000000000000000000000222222222222222222220000000001111
 111111111122222000000000000000000000000022222222222222222220000000001111
 111111111122222200000000000000000000000222222222222222222222000000001111
 222222222222222200000000000000000000000222222222222222222222200000002222
 222222222220000000000000000000000000002222222222222222222222220000022222
 222222222220000000000000000000000000002222222222222222222222222000222222
 222222222220000000000000002000000000002222222222222222222222222200222222
 222222222220000000000000002200000000002222222222222222222222222220022222
 222222222222000000000000002220002000022222222222222222222222222222000222
 222222222222200000000000002222002200022222222222222222222222222222220022
 222222222222200000000000002222202220022222222222222222222222222222222202
 222222222222200000000000002222222222002222222222222222222222222222222220
 000022222222220000000000000222222222202222222222222222222222222222222222
 200000222222222000000000000222222222202222222222222222222222222222222222
 220000022222222222220000000222222222220202222222222222222222222222222222
 222000002222222222222000000222222222220000222222222222222222222222222222
 222000000222222222222000000222222222222000022222222222222222222222222222
 222000000022222222222200000222222222222200002202222222222222222222222222
 222200000000222222222220000022222222222220002220022222222222222222222222
 222220000000022222222220000022222222222222022222002222222222222222222222
 222222000000022222222222000002222222222222222222002222222222222222222222
 222222000000002222222222000002222222222222222220000222222222222222222222
 222222200000002222222222200002222222222222222220000022222222222222222222
 222222220000000222222222200002202222222222222220000022222222222222222222
 222222222000000222222222220000202222222222222220000002222222222222222222
 222222222200000222222222220000220222222222222220000000222222222222222222
 222222222200000222222222222000022222222222222220000000222222222222222222
 222222222200000222222222222200022222222222222220000000022222222222222222
 222222222220000222222222222220022222222222222222000000022222222222222222
 222222222220000222222222222220022222222222222222200200002222222222222222
 222222222222000222222222222222222222222222222222222222002222222222222222
 222222222222000222222222222222222222222222222222222222202222202222222222
 222222222222200222222222222222222222222222222222222222222222202222222222
 222222222222200222222222222222222222222222222222222222222222202222222222
 222222222222220222222222222222222222222222222222222222222222222222222222
 222222222222220222222222222222222222222222222222222222222222222222222222
 222222222222222022222222222222222222222222222222222222222222222222222222
 222222222222222022222222222222222222222222222222222222222222222222222222
 222222222222222222222222222222222222222222222222222222222222222222222222
 222222222222222222222222222222222222222222222222222222222222222222222222
 222222222222222222222222222222222222222222222222222222222222222222222222
 222222222222222222222222222222222222222222222222222222222222222222222222
 222222222222222222222222222222222222222222222222222222222222222222222222
 222222222222222222202222222222222222222222000222200000000000002222222222
 222222222222222222000222222222222222222000000000000000000000000002222222
 222222222222220000000022222222200000000000000000000000000000000000002222
 222222200000000000000002222220000000000000000000000000000000000000002222
 222200000000000000000000222200000000000000000000000000000000000000000222
 000000000000000000000000000000000000000000000000000000000000000000000000
 000000000000000000000000000000000000000000000000000000000000000000000000
 000000000000000000000000000000000000000000000000000000000000000000000000
 000000000000000000000000000000000000000000000000000000000000000000000000
